{
 "cells": [
  {
   "cell_type": "code",
   "execution_count": 1,
   "metadata": {},
   "outputs": [],
   "source": [
    "import numpy as np\n",
    "import pandas as pd\n",
    "from test_estimate_distance_matrix import evaluate\n",
    "from estimate_distance_matrix import distance_matrix_from_locs, estimate_distance_matrix\n",
    "import matplotlib.pyplot as plt\n",
    "from sklearn.neighbors import KernelDensity\n",
    "from scipy.stats import gaussian_kde\n",
    "from scipy.special import ndtr"
   ]
  },
  {
   "cell_type": "code",
   "execution_count": 2,
   "metadata": {},
   "outputs": [
    {
     "name": "stdout",
     "output_type": "stream",
     "text": [
      "-88.658\n",
      "[[ 0.    4.15  3.71  6.96  8.29  6.52  3.    7.64 10.    5.99  9.72]\n",
      " [ 4.15  0.    5.92  5.05  9.27  2.44  2.73  9.45  8.32  3.3   9.53]\n",
      " [ 3.71  5.92  0.    5.49  4.64  7.57  3.24  3.96  7.71  5.6   6.47]\n",
      " [ 6.96  5.05  5.49  0.    5.86  4.58  3.97  6.95  3.3   1.85  4.96]\n",
      " [ 8.29  9.27  4.64  5.86  0.    9.97  6.71  1.85  5.78  7.23  2.76]\n",
      " [ 6.52  2.44  7.57  4.58  9.97  0.    4.4  10.57  7.47  2.81  9.53]\n",
      " [ 3.    2.73  3.24  3.97  6.71  4.4   0.    6.75  7.12  3.06  7.42]\n",
      " [ 7.64  9.45  3.96  6.95  1.85 10.57  6.75  0.    7.47  8.    4.61]\n",
      " [10.    8.32  7.71  3.3   5.78  7.47  7.12  7.47  0.    5.05  3.48]\n",
      " [ 5.99  3.3   5.6   1.85  7.23  2.81  3.06  8.    5.05  0.    6.73]\n",
      " [ 9.72  9.53  6.47  4.96  2.76  9.53  7.42  4.61  3.48  6.73  0.  ]]\n"
     ]
    }
   ],
   "source": [
    "n = 11\n",
    "# fitted from dataset\n",
    "params = (1.0, -46.123430636476016, 2.902844191159571, 3.9405315173088855, -88.658) #-100)\n",
    "spring_params = (100, 0.2, 0.1, False, 5)\n",
    "\n",
    "true_locs = np.array([[1.0,7.0],[14.0,3.0],[3.0,19.0],[21.0,18.0],[9.0,33.0],[22.0,3.0],[10.0,11.0],[3.0,32.0],[27.0,27.0],[20.0,12.0],[18.0,34.0]])\n",
    "true_locs = 0.3048*true_locs # convert to meters\n",
    "true_dist_matrix = distance_matrix_from_locs(true_locs)\n",
    "\n",
    "# This data comes from: http://anrg.usc.edu/www/download_files/RSSLocalizationDataSet_11nodes.txt\n",
    "rss_matrix = np.array([[-100, -68.308, -62.299, -67.051, -68.141, -66.400, -60.864, -77.891, -68.217, -69.553, -68.678],\n",
    "                [-67.414, -100, -68.205, -65.299, -69.623, -55.270, -59.656, -71.891, -69.178, -65.439, -74.507],\n",
    "                [-60.025, -67.713, -100, -65.146, -64.812, -67.982, -58.420, -62.949, -70.291, -68.334, -69.354],\n",
    "                [-68.820, -67.432, -67.988, -100, -68.111, -64.830, -65.680, -70.307, -56.207, -53.938, -67.278],\n",
    "                [-66.090, -68.082, -64.801, -64.279, -100, -73.314, -63.975, -49.990, -62.357, -71.328, -54.147],\n",
    "                [-67.572, -55.854, -70.355, -64.174, -77.715, -100, -77.591, -88.658, -68.432, -57.822, -73.303],\n",
    "                [-62.527, -62.622, -62.680, -65.855, -68.123, -70.461, -100, -70.402, -73.127, -65.211, -79.361],\n",
    "                [-77.521, -74.398, -65.662, -70.068, -50.838, -86.564, -70.062, -100, -70.560, -81.057, -67.722],\n",
    "                [-68.896, -70.385, -72.194, -54.641, -63.342, -67.637, -70.941, -69.543, -100, -65.686, -63.720],\n",
    "                [-66.488, -63.775, -66.978, -51.330, -69.295, -56.240, -63.301, -78.221, -65.041, -100, -70.042],\n",
    "                [-72.078, -80.838, -73.341, -68.369, -57.963, -76.385, -79.549, -68.691, -66.980, -73.718, -100]])\n",
    "\n",
    "print(np.min(rss_matrix[rss_matrix!=-100]))\n",
    "print(true_dist_matrix)"
   ]
  },
  {
   "cell_type": "code",
   "execution_count": 3,
   "metadata": {},
   "outputs": [
    {
     "name": "stdout",
     "output_type": "stream",
     "text": [
      "[[-100.     -68.308  -62.299  -67.051  -68.141  -66.4    -60.864  -77.891\n",
      "   -68.217  -69.553  -68.678]\n",
      " [ -67.414 -100.     -68.205  -65.299  -69.623  -55.27   -59.656  -71.891\n",
      "   -69.178  -65.439  -74.507]\n",
      " [ -60.025  -67.713 -100.     -65.146  -64.812  -67.982  -58.42   -62.949\n",
      "   -70.291  -68.334  -69.354]\n",
      " [ -68.82   -67.432  -67.988 -100.     -68.111  -64.83   -65.68   -70.307\n",
      "   -56.207  -53.938  -67.278]\n",
      " [ -66.09   -68.082  -64.801  -64.279 -100.     -73.314  -63.975  -49.99\n",
      "   -62.357  -71.328  -54.147]\n",
      " [ -67.572  -55.854  -70.355  -64.174  -77.715 -100.     -77.591  -88.658\n",
      "   -68.432  -57.822  -73.303]\n",
      " [ -62.527  -62.622  -62.68   -65.855  -68.123  -70.461 -100.     -70.402\n",
      "   -73.127  -65.211  -79.361]\n",
      " [ -77.521  -74.398  -65.662  -70.068  -50.838  -86.564  -70.062 -100.\n",
      "   -70.56   -81.057  -67.722]\n",
      " [ -68.896  -70.385  -72.194  -54.641  -63.342  -67.637  -70.941  -69.543\n",
      "  -100.     -65.686  -63.72 ]\n",
      " [ -66.488  -63.775  -66.978  -51.33   -69.295  -56.24   -63.301  -78.221\n",
      "   -65.041 -100.     -70.042]\n",
      " [ -72.078  -80.838  -73.341  -68.369  -57.963  -76.385  -79.549  -68.691\n",
      "   -66.98   -73.718 -100.   ]]\n"
     ]
    }
   ],
   "source": [
    "# rss_matrix[rss_matrix>-65] = -100\n",
    "print(rss_matrix)"
   ]
  },
  {
   "cell_type": "code",
   "execution_count": 4,
   "metadata": {},
   "outputs": [
    {
     "name": "stdout",
     "output_type": "stream",
     "text": [
      "[[ 0.    4.78  7.12  2.73 13.05 16.23  9.33 27.26  7.54  5.33 17.38]\n",
      " [ 4.78  0.    7.75  7.26 15.76 17.44  6.82 29.41 12.12  7.29 21.83]\n",
      " [ 7.12  7.75  0.    6.72  8.61 23.33  5.22 21.71  9.47 12.41 17.29]\n",
      " [ 2.73  7.26  6.72  0.   10.85 17.54 10.34 25.12  4.88  7.06 14.68]\n",
      " [13.05 15.76  8.61 10.85  0.   28.09 13.42 14.28  9.06 17.91 11.09]\n",
      " [16.23 17.44 23.33 17.54 28.09  0.   24.23 42.2  19.54 10.92 27.11]\n",
      " [ 9.33  6.82  5.22 10.34 13.42 24.23  0.   25.22 14.19 13.71 22.5 ]\n",
      " [27.26 29.41 21.71 25.12 14.28 42.2  25.22  0.   22.74 32.19 18.94]\n",
      " [ 7.54 12.12  9.47  4.88  9.06 19.54 14.19 22.74  0.   10.55  9.86]\n",
      " [ 5.33  7.29 12.41  7.06 17.91 10.92 13.71 32.19 10.55  0.   19.99]\n",
      " [17.38 21.83 17.29 14.68 11.09 27.11 22.5  18.94  9.86 19.99  0.  ]]\n"
     ]
    }
   ],
   "source": [
    "print(estimate_distance_matrix(rss_matrix,use_model=\"isomap\",estimate_distance_params=params,spring_model_params=spring_params)[0])"
   ]
  },
  {
   "cell_type": "code",
   "execution_count": null,
   "metadata": {
    "scrolled": false
   },
   "outputs": [],
   "source": [
    "np.random.seed(0)\n",
    "##### ERROR PLOTS ###########\n",
    "fig1, (ax1, ax2) = plt.subplots(1,2,figsize = (15,5))\n",
    "metrics1 = [\"MAE\", \"STDAE\", \"maxAE\"]\n",
    "metrics2 = [\"MPE\", \"STDPE\", \"maxPE\"]\n",
    "x = np.arange(3)  # the label locations\n",
    "width = 0.35  # the width of the bars\n",
    "models = [\"rss_only\",\"rss_pre_averaged\",\"rss_post_averaged\",\"mds_metric\",\"mds_non_metric\",\"sdp\",\n",
    "          \"spring_model\",\"sdp_init_spring\",\"isomap\",\"lle\"]\n",
    "model_names = {\"rss_only\":\"RSS\",\n",
    "               \"rss_pre_averaged\":\"RSS (pre-averaged)\",\n",
    "               \"rss_post_averaged\":\"RSS (post-averaged)\",\n",
    "               \"mds_metric\":\"MDS (metric)\", \n",
    "               \"mds_non_metric\":\"MDS (non-metric)\", \"sdp\":\"SDP\", \n",
    "               \"spring_model\":\"Spring Model\",\n",
    "               \"sdp_init_spring\":\"Spring Model (from SDP)\",\n",
    "               \"isomap\":\"Isomap\",\n",
    "               \"lle\":\"Local Linear Embedding\"}\n",
    "# models = [\"rss_only\",\"rss_pre_averaged\",\"rss_post_averaged\"]\n",
    "x = x*(len(models)+1)\n",
    "\n",
    "####### CLASSIFICATION #########\n",
    "fig2, ax3 = plt.subplots()\n",
    "fig3, ax4 = plt.subplots()\n",
    "fig3.patch.set_visible(False)\n",
    "ax4.axis('off')\n",
    "ax4.axis('tight')\n",
    "classification = []\n",
    "\n",
    "####### PROB DENSITIES ##########\n",
    "fig4, ((ax5, ax6), (ax7, ax8)) = plt.subplots(2,2,figsize = (15,10))\n",
    "\n",
    "##### RUNTIME #####\n",
    "fig5, ax9 = plt.subplots()\n",
    "\n",
    "MAEs = []\n",
    "MPEs = []\n",
    "TPRs = []\n",
    "FPRs = []\n",
    "Runtimes = []\n",
    "\n",
    "for i, model in enumerate(models):\n",
    "    dist_matrix, est_locs, time_elapsed = estimate_distance_matrix(rss_matrix,use_model=model,estimate_distance_params=params,spring_model_params=spring_params)\n",
    "    MAE, STDAE, maxAE, MPE, STDPE, maxPE, TP, FP, TN, FN, absolute_errors, percent_errors = evaluate(true_dist_matrix,dist_matrix)\n",
    "    if False:\n",
    "        print(\"Mean absolute error:\",MAE)\n",
    "        print(\"Std Dev absolute error:\",STDAE)\n",
    "        print(\"Max absolute error:\",maxAE)\n",
    "        print(\"Mean percent error:\",MPE)\n",
    "        print(\"Std Dev percent error:\",STDPE)\n",
    "        print(\"Max percent error:\",maxPE)\n",
    "        print(\"True positive:\",TP)\n",
    "        print(\"False positive:\",FP)\n",
    "        print(\"True negative:\",TN)\n",
    "        print(\"False negative:\",FN)\n",
    "        print(\"Time elapsed:\",time_elapsed)\n",
    "        print(\"Estimated distance matrix\",model)\n",
    "        print(dist_matrix)\n",
    "\n",
    "    ax1.bar(x+i, [MAE, STDAE, maxAE], label=model_names[model])\n",
    "    ax2.bar(x+i, [MPE, STDPE, maxPE], label=model_names[model])\n",
    "    \n",
    "    FPR = FP/(FP+TN)\n",
    "    TPR = TP/(TP+FN)\n",
    "    ax3.scatter(FPR,TPR,label=model_names[model])\n",
    "    classification.append([FPR,TPR])\n",
    "    \n",
    "    kdeAE = gaussian_kde(absolute_errors)\n",
    "    xAE = np.linspace(-2.5, 10, 100)\n",
    "    kdeAE_pdf = kdeAE.evaluate(xAE)\n",
    "    ax5.plot(xAE,kdeAE_pdf,label=model_names[model])\n",
    "\n",
    "    kdePE = gaussian_kde(percent_errors)\n",
    "    xPE = np.linspace(-1, 2.5, 100)\n",
    "    kdePE_pdf = kdePE.evaluate(xPE)\n",
    "    ax6.plot(xPE,kdePE_pdf,label=model_names[model])\n",
    "\n",
    "    stdevAE = np.sqrt(kdeAE.covariance)[0, 0]\n",
    "    pdeAE_cdf = ndtr(np.subtract.outer(xAE, absolute_errors)).mean(axis=1)\n",
    "    ax7.plot(xAE, pdeAE_cdf,label=model_names[model])\n",
    "\n",
    "    stdevPE = np.sqrt(kdePE.covariance)[0, 0]\n",
    "    pdePE_cdf = ndtr(np.subtract.outer(xPE, percent_errors)).mean(axis=1)\n",
    "    ax8.plot(xPE, pdePE_cdf,label=model_names[model])\n",
    "    \n",
    "    rect = ax9.bar(x[0]+i, [time_elapsed], label=model_names[model])\n",
    "    ax9.annotate('{}'.format(round(time_elapsed,3)),\n",
    "                xy=(x[0]+i, time_elapsed),\n",
    "                xytext=(0, 1),  # 3 points vertical offset\n",
    "                textcoords=\"offset points\",\n",
    "                ha='center', va='bottom')\n",
    "    \n",
    "    MAEs.append(MAE)\n",
    "    MPEs.append(MPE)\n",
    "    TPRs.append(TPR)\n",
    "    FPRs.append(FPR)\n",
    "    Runtimes.append(time_elapsed)\n",
    "        \n",
    "##### ERROR PLOTS ###########\n",
    "ax1.set_ylabel('Error (m)')\n",
    "ax1.set_title('Absolute Errors')\n",
    "ax1.set_xticks(x+np.floor(len(models)/2))\n",
    "ax1.set_xticklabels([\"Mean Absolute Error\",\"Std Dev Absolute Error\",\"Max Absolute Error\"])\n",
    "ax1.legend()\n",
    "# ax2.yaxis.set_label_position(\"right\")\n",
    "# ax2.yaxis.tick_right()\n",
    "ax2.set_ylabel('Error (%)')\n",
    "ax2.set_title('Percent Errors')\n",
    "ax2.set_xticks(x+np.floor(len(models)/2))\n",
    "ax2.set_xticklabels([\"Mean Percent Error\",\"Std Dev Percent Error\",\"Max Percent Error\"])\n",
    "ax2.legend()\n",
    "\n",
    "####### CLASSIFICATION #########\n",
    "# ax3.scatter(0,1)\n",
    "# ax3.text(0+0.015,1,\"IDEAL\")\n",
    "ax3.set_xlim([0,1])\n",
    "ax3.set_ylim([0,1.1])\n",
    "ax3.set_xlabel(\"False Positive Rate\")\n",
    "ax3.set_ylabel(\"True Positive Rate\")\n",
    "ax3.set_title(\"Proximity Detection ROC\")\n",
    "ax3.legend()\n",
    "\n",
    "classification = np.round(classification,3)\n",
    "df = pd.DataFrame(np.array(classification),columns=[\"False Positive Rate\",\"True Positive Rate\"])\n",
    "the_table = ax4.table(cellText=df.values,colLabels=df.columns,loc='top',cellLoc='center',rowLabels=list(model_names.values()))\n",
    "the_table.auto_set_font_size(False)\n",
    "the_table.set_fontsize(14)\n",
    "the_table.scale(2, 2)\n",
    "\n",
    "########### PROB DENSITIES ############\n",
    "ax5.set_title(\"Absolute Error PDF\")\n",
    "ax5.set_xlabel(\"Error (m)\")\n",
    "ax5.set_ylabel(\"Probability\")\n",
    "ax5.legend()\n",
    "ax6.set_title(\"Percent Error PDF\")\n",
    "ax6.set_xlabel(\"Error (%)\")\n",
    "ax6.set_ylabel(\"Probability\")\n",
    "ax6.legend()\n",
    "ax7.set_title(\"Absolute Error CDF\")\n",
    "ax7.set_xlabel(\"Error (m)\")\n",
    "ax7.set_ylabel(\"Cumulative Probability\")\n",
    "ax7.legend()\n",
    "ax8.set_title(\"Percent Error CDF\")\n",
    "ax8.set_xlabel(\"Error (%)\")\n",
    "ax8.set_ylabel(\"Cumulative Probability\")\n",
    "ax8.legend()\n",
    "\n",
    "### RUNTIME ####\n",
    "ax9.legend()\n",
    "ax9.set_ylabel('Time (s)')\n",
    "ax9.set_title('Runtime')\n",
    "# ax9.set_xticklabels(list(model_names.values()))\n",
    "\n",
    "plt.show()\n",
    "\n",
    "print(list(model_names.values()))\n",
    "print(MAEs)\n",
    "print(MPEs)\n",
    "print(TPRs)\n",
    "print(FPRs)\n",
    "print(Runtimes)"
   ]
  },
  {
   "cell_type": "code",
   "execution_count": null,
   "metadata": {},
   "outputs": [],
   "source": []
  }
 ],
 "metadata": {
  "kernelspec": {
   "display_name": "Python 3",
   "language": "python",
   "name": "python3"
  },
  "language_info": {
   "codemirror_mode": {
    "name": "ipython",
    "version": 3
   },
   "file_extension": ".py",
   "mimetype": "text/x-python",
   "name": "python",
   "nbconvert_exporter": "python",
   "pygments_lexer": "ipython3",
   "version": "3.6.8"
  }
 },
 "nbformat": 4,
 "nbformat_minor": 2
}
